1 0.30000000000000004
2 0.9000000000000001
3 0.7000000000000002
4 0.10000000000000053
5 0.3000000000000016
6 0.9000000000000048
7 0.7000000000000144
8 0.10000000000004317
9 0.3000000000001295
10 0.9000000000003885
11 0.7000000000011655
12 0.1000000000034964
13 0.3000000000104892
14 0.9000000000314676
15 0.7000000000944029
16 0.10000000028320866
17 0.30000000084962597
18 0.9000000025488779
19 0.7000000076466337
20 0.10000002293990118
21 0.30000006881970354
22 0.9000002064591106
23 0.7000006193773318
24 0.10000185813199547
25 0.3000055743959864
26 0.9000167231879592
27 0.7000501695638777
28 0.100150508691633
29 0.300451526074899
30 0.901354578224697
31 0.704063734674091
32 0.112191204022273
33 0.336573612066819
34 0.00972083620045705
35 0.02916250860137115
36 0.08748752580411345
37 0.26246257741234036
38 0.7873877322370211
39 0.36216319671106323
40 0.08648959013318969
41 0.25946877039956906
42 0.7784063111987072
43 0.33521893359612154
44 0.005656800788364613
45 0.01697040236509384
46 0.05091120709528152
47 0.15273362128584456
48 0.45820086385753367
49 0.374602591572601
50 0.12380777471780302
51 0.37142332415340906
52 0.11426997246022719
53 0.34280991738068156
54 0.028429752142044684
55 0.08528925642613405
56 0.25586776927840216
57 0.7676033078352065
58 0.3028099235056194
59 0.9084297705168582
60 0.7252893115505747
61 0.17586793465172423
62 0.5276038039551727
63 0.5828114118655181
64 0.7484342355965543
65 0.24530270678966293
66 0.7359081203689888
67 0.20772436110696635
68 0.623173083320899
69 0.8695192499626971
70 0.6085577498880914
71 0.8256732496642742
72 0.47701974899282273
73 0.4310592469784682
74 0.2931777409354046
75 0.8795332228062138
76 0.6385996684186415
77 0.9157990052559244
78 0.7473970157677732
79 0.24219104730331953
80 0.7265731419099586
81 0.17971942572987576
82 0.5391582771896273
83 0.6174748315688818
84 0.8524244947066455
85 0.5572734841199365
86 0.6718204523598095
87 0.015461357079428417
88 0.04638407123828525
89 0.13915221371485575
90 0.41745664114456726
91 0.2523699234337018
92 0.7571097703011054
93 0.27132931090331613
94 0.8139879327099484
95 0.4419637981298452
96 0.3258913943895356
97 0.9776741831686069
98 0.9330225495058206
99 0.7990676485174619
100 0.3972029455523858
101 0.19160883665715733
102 0.574826509971472
103 0.724479529914416
104 0.173438589743248
105 0.520315769229744
106 0.560947307689232
107 0.6828419230676959
108 0.0485257692030876
109 0.1455773076092628
110 0.4367319228277884
111 0.31019576848336516
112 0.9305873054500955
113 0.7917619163502865
114 0.37528574905085943
115 0.1258572471525783
116 0.37757174145773487
117 0.1327152243732046
118 0.3981456731196138
119 0.1944370193588414
120 0.5833110580765242
121 0.7499331742295725
122 0.24979952268871752
123 0.7493985680661526
124 0.2481957041984577
125 0.7445871125953731
126 0.2337613377861194
127 0.7012840133583582
128 0.10385204007507465
129 0.31155612022522394
130 0.9346683606756718
131 0.8040050820270155
132 0.41201524608104645
133 0.23604573824313935
134 0.708137214729418
135 0.12441164418825412
136 0.37323493256476237
137 0.1197047976942871
138 0.3591143930828613
139 0.07734317924858392
140 0.23202953774575175
141 0.6960886132372552
142 0.08826583971176571
143 0.26479751913529714
144 0.7943925574058914
145 0.3831776722176743
146 0.14953301665302288
147 0.44859904995906863
148 0.3457971498772059
149 0.03739144963161767
150 0.112174348894853
151 0.336523046684559
152 0.009569140053677039
153 0.028707420161031116
154 0.08612226048309335
155 0.25836678144928005
156 0.7751003443478401
157 0.3253010330435204
158 0.9759030991305613
159 0.9277092973916838
160 0.7831278921750515
161 0.34938367652515456
162 0.04815102957546369
163 0.14445308872639107
164 0.4333592661791732
165 0.3000777985375196
166 0.9002333956125588
167 0.7007001868376763
168 0.10210056051302896
169 0.3063016815390869
170 0.9189050446172606
171 0.7567151338517819
172 0.2701454015553457
173 0.8104362046660372
174 0.4313086139981115
175 0.29392584199433447
176 0.8817775259830034
177 0.6453325779490102
178 0.9359977338470307
179 0.807993201541092
180 0.423979604623276
181 0.271938813869828
182 0.815816441609484
183 0.4474493248284519
184 0.3423479744853557
185 0.027043923456067098
186 0.0811317703682013
187 0.24339531110460388
188 0.7301859333138117
189 0.19055779994143496
190 0.5716733998243049
191 0.7150201994729146
192 0.14506059841874386
193 0.4351817952562316
194 0.3055453857686947
195 0.9166361573060842
196 0.7499084719182525
197 0.24972541575475748
198 0.7491762472642725
199 0.24752874179281736
200 0.7425862253784521
201 0.22775867613535627
202 0.6832760284060688
203 0.049828085218206475
204 0.14948425565461942
205 0.4484527669638583
206 0.3453583008915748
207 0.03607490267472446
208 0.10822470802417339
209 0.32467412407252016
210 0.9740223722175605
211 0.9220671166526815
212 0.7662013499580445
213 0.29860404987413336
214 0.8958121496224001
215 0.6874364488672002
216 0.0623093466016007
217 0.1869280398048021
218 0.5607841194144063
219 0.6823523582432189
220 0.04705707472965681
221 0.14117122418897043
222 0.4235136725669113
223 0.2705410177007339
224 0.8116230531022017
225 0.4348691593066052
226 0.3046074779198156
227 0.9138224337594467
228 0.7414673012783402
229 0.22440190383502046
230 0.6732057115050614
231 0.019617134515184098
232 0.058851403545552294
233 0.17655421063665688
234 0.5296626319099706
235 0.588987895729912
236 0.7669636871897358
237 0.30089106156920753
238 0.9026731847076226
239 0.7080195541228678
240 0.1240586623686033
241 0.3721759871058099
242 0.1165279613174297
243 0.3495838839522891
244 0.04875165185686736
245 0.14625495557060209
246 0.43876486671180626
247 0.31629460013541877
248 0.9488838004062563
249 0.8466514012187689
250 0.5399542036563068
251 0.6198626109689203
252 0.8595878329067608
253 0.5787634987202823
254 0.736290496160847
255 0.2088714884825409
256 0.6266144654476227
257 0.879843396342868
258 0.639530189028604
259 0.9185905670858121
260 0.7557717012574363
261 0.26731510377230894
262 0.8019453113169268
263 0.40583593395078044
264 0.2175078018523413
265 0.6525234055570239
266 0.9575702166710718
267 0.8727106500132153
268 0.618131950039646
269 0.8543958501189381
270 0.5631875503568144
271 0.6895626510704433
272 0.06868795321133003
273 0.2060638596339901
274 0.6181915789019703
275 0.8545747367059109
276 0.5637242101177327
277 0.691172630353198
278 0.07351789105959394
279 0.22055367317878183
280 0.6616610195363455
281 0.9849830586090365
282 0.9549491758271094
283 0.8648475274813281
284 0.5945425824439843
285 0.7836277473319528
286 0.3508832419958585
287 0.05264972598757556
288 0.15794917796272667
289 0.47384753388818
290 0.42154260166454005
291 0.26462780499362015
292 0.7938834149808605
293 0.3816502449425814
294 0.14495073482774412
295 0.43485220448323236
296 0.3045566134496971
297 0.9136698403490913
298 0.7410095210472738
299 0.2230285631418214
300 0.6690856894254642
301 0.007257068276392609
302 0.021771204829177826
303 0.06531361448753348
304 0.19594084346260043
305 0.5878225303878013
306 0.7634675911634039
307 0.2904027734902117
308 0.8712083204706351
309 0.6136249614119054
310 0.8408748842357161
311 0.5226246527071483
312 0.5678739581214449
313 0.7036218743643348
314 0.1108656230930043
315 0.3325968692790129
316 0.9977906078370387
317 0.993371823511116
318 0.9801154705333479
319 0.9403464116000437
320 0.8210392348001312
321 0.46311770440039357
322 0.3893531132011807
323 0.16805933960354213
324 0.5041780188106264
325 0.5125340564318792
326 0.5376021692956376
327 0.6128065078869129
328 0.8384195236607388
329 0.5152585709822164
330 0.5457757129466492
331 0.6373271388399475
332 0.9119814165198425
333 0.7359442495595276
334 0.20783274867858292
335 0.6234982460357488
336 0.8704947381072463
337 0.6114842143217389
338 0.8344526429652168
339 0.5033579288956505
340 0.5100737866869514
341 0.5302213600608541
342 0.5906640801825622
343 0.7719922405476867
344 0.31597672164306
345 0.94793016492918
346 0.8437904947875401
347 0.5313714843626203
348 0.5941144530878608
349 0.7823433592635824
350 0.34703007779074735
351 0.041090233372242047
352 0.12327070011672614
353 0.3698121003501784
354 0.10943630105053526
355 0.32830890315160577
356 0.9849267094548173
357 0.9547801283644519
358 0.8643403850933558
359 0.5930211552800673
360 0.7790634658402018
361 0.3371903975206054
362 0.011571192561816268
363 0.034713577685448804
364 0.10414073305634641
365 0.31242219916903924
366 0.9372665975071177
367 0.8117997925213531
368 0.43539937756405944
369 0.3061981326921783
370 0.918594398076535
371 0.7557831942296049
372 0.2673495826888148
373 0.8020487480664444
374 0.4061462441993333
375 0.21843873259799995
376 0.6553161977939999
377 0.9659485933819996
378 0.8978457801459987
379 0.6935373404379961
380 0.08061202131398826
381 0.24183606394196477
382 0.7255081918258943
383 0.17652457547768297
384 0.5295737264330489
385 0.5887211792991467
386 0.7661635378974401
387 0.2984906136923202
388 0.8954718410769607
389 0.686415523230882
390 0.059246569692645856
391 0.17773970907793757
392 0.5332191272338127
393 0.5996573817014381
394 0.7989721451043144
395 0.39691643531294307
396 0.19074930593882922
397 0.5722479178164877
398 0.716743753449463
399 0.15023126034838885
400 0.45069378104516655
401 0.35208134313549966
402 0.056244029406498974
403 0.16873208821949692
404 0.5061962646584908
405 0.5185887939754723
406 0.5557663819264169
407 0.6672991457792508
408 0.0018974373377522724
409 0.005692312013256817
410 0.01707693603977045
411 0.051230808119311355
412 0.15369242435793407
413 0.4610772730738022
414 0.3832318192214066
415 0.14969545766421977
416 0.4490863729926593
417 0.3472591189779779
418 0.041777356933933696
419 0.1253320708018011
420 0.37599621240540326
421 0.1279886372162098
422 0.38396591164862937
423 0.1518977349458881
424 0.4556932048376643
425 0.36707961451299287
426 0.1012388435389786
427 0.3037165306169358
428 0.9111495918508075
429 0.7334487755524224
430 0.20034632665726715
431 0.6010389799718014
432 0.8031169399154043
433 0.409350819746213
434 0.22805245923863904
435 0.6841573777159171
436 0.05247213314775134
437 0.15741639944325403
438 0.4722491983297621
439 0.41674759498928626
440 0.2502427849678588
441 0.7507283549035764
442 0.2521850647107291
443 0.7565551941321873
444 0.2696655823965619
445 0.8089967471896857
446 0.4269902415690572
447 0.28097072470717155
448 0.8429121741215146
449 0.5287365223645439
450 0.5862095670936318
451 0.7586287012808954
452 0.2758861038426863
453 0.8276583115280589
454 0.48297493458417673
455 0.4489248037525302
456 0.34677441125759056
457 0.040323233772771694
458 0.12096970131831508
459 0.36290910395494524
460 0.08872731186483573
461 0.2661819355945072
462 0.7985458067835216
463 0.3956374203505648
464 0.18691226105169445
465 0.5607367831550834
466 0.68221034946525
467 0.04663104839575016
468 0.1398931451872505
469 0.41967943556175147
470 0.2590383066852544
471 0.7771149200557632
472 0.33134476016728964
473 0.9940342805018689
474 0.9821028415056068
475 0.9463085245168203
476 0.838925573550461
477 0.5167767206513831
478 0.5503301619541494
479 0.6509904858624482
480 0.9529714575873447
481 0.8589143727620341
482 0.5767431182861023
483 0.7302293548583068
484 0.19068806457492027
485 0.5720641937247608
486 0.7161925811742824
487 0.14857774352284725
488 0.44573323056854175
489 0.33719969170562525
490 0.011599075116875746
491 0.03479722535062724
492 0.10439167605188171
493 0.31317502815564513
494 0.9395250844669354
495 0.8185752534008062
496 0.4557257602024185
497 0.3671772806072555
498 0.10153184182176656
499 0.30459552546529967
500 0.913786576395899
501 0.741359729187697
502 0.22407918756309098
503 0.6722375626892729
504 0.01671268806781878
505 0.050138064203456345
506 0.15041419261036904
507 0.4512425778311071
508 0.3537277334933213
509 0.06118320047996395
510 0.18354960143989185
511 0.5506488043196756
512 0.6519464129590267
513 0.95583923887708
514 0.86751771663124
515 0.60255314989372
516 0.80765944968116
517 0.42297834904348
518 0.2689350471304399
519 0.8068051413913198
520 0.4204154241739593
521 0.2612462725218778
522 0.7837388175656335
523 0.3512164526969004
524 0.05364935809070115
525 0.16094807427210345
526 0.48284422281631034
527 0.448532668448931
528 0.3455980053467931
529 0.03679401604037924
530 0.11038204812113772
531 0.33114614436341316
532 0.9934384330902395
533 0.9803152992707185
534 0.9409458978121554
535 0.8228376934364663
536 0.46851308030939887
537 0.4055392409281966
538 0.2166177227845898
539 0.6498531683537694
540 0.9495595050613082
541 0.8486785151839245
542 0.5460355455517734
543 0.6381066366553201
544 0.9143199099659602
545 0.7429597298978807
546 0.22887918969364218
547 0.6866375690809265
548 0.05991270724277964
549 0.17973812172833892
550 0.5392143651850168
551 0.6176430955550503
552 0.8529292866651508
553 0.5587878599954523
554 0.676363579986357
555 0.029090739959070966
556 0.0872722198772129
557 0.2618166596316387
558 0.7854499788949161
559 0.35634993668474824
560 0.06904981005424471
561 0.20714943016273413
562 0.6214482904882024
563 0.8643448714646071
564 0.5930346143938214
565 0.7791038431814643
566 0.3373115295443929
567 0.011934588633178755
568 0.035803765899536266
569 0.1074112976986088
570 0.3222338930958264
571 0.9667016792874792
572 0.9001050378624376
573 0.7003151135873127
574 0.10094534076193806
575 0.3028360222858142
576 0.9085080668574426
577 0.7255242005723277
578 0.17657260171698308
579 0.5297178051509492
580 0.5891534154528477
581 0.7674602463585432
582 0.30238073907562946
583 0.9071422172268884
584 0.7214266516806651
585 0.16427995504199533
586 0.492839865125986
587 0.47851959537795796
588 0.4355587861338739
589 0.30667635840162166
590 0.920029075204865
591 0.760087225614595
592 0.2802616768437849
593 0.8407850305313547
594 0.522355091594064
595 0.567065274782192
596 0.7011958243465761
597 0.10358747303972837
598 0.3107624191191851
599 0.9322872573575554
600 0.7968617720726661
601 0.3905853162179982
602 0.17175594865399457
603 0.5152678459619837
604 0.5458035378859512
605 0.6374106136578535
606 0.9122318409735604
607 0.7366955229206811
608 0.21008656876204324
609 0.6302597062861297
610 0.8907791188583891
611 0.6723373565751674
612 0.017012069725502066
613 0.0510362091765062
614 0.1531086275295186
615 0.4593258825885558
616 0.37797764776566734
617 0.133932943297002
618 0.401798829891006
619 0.20539648967301805
620 0.6161894690190541
621 0.8485684070571624
622 0.5457052211714872
623 0.6371156635144617
624 0.9113469905433851
625 0.7340409716301552
626 0.20212291489046574
627 0.6063687446713972
628 0.8191062340141917
629 0.4573187020425751
630 0.37195610612772523
631 0.11586831838317568
632 0.34760495514952705
633 0.04281486544858115
634 0.12844459634574346
635 0.38533378903723037
636 0.1560013671116911
637 0.4680041013350733
638 0.4040123040052199
639 0.21203691201565977
640 0.6361107360469793
641 0.908332208140938
642 0.7249966244228139
643 0.17498987326844162
644 0.5249696198053249
645 0.5749088594159746
646 0.7247265782479237
647 0.17417973474377124
648 0.5225392042313137
649 0.5676176126939412
650 0.7028528380818235
651 0.10855851424547058
652 0.32567554273641175
653 0.9770266282092352
654 0.9310798846277057
655 0.7932396538831172
656 0.3797189616493517
657 0.13915688494805512
658 0.41747065484416535
659 0.25241196453249604
660 0.7572358935974881
661 0.2717076807924643
662 0.815123042377393
663 0.4453691271321789
664 0.33610738139653673
665 0.008322144189610192
666 0.024966432568830577
667 0.07489929770649173
668 0.2246978931194752
669 0.6740936793584256
670 0.022281038075276705
671 0.06684311422583011
672 0.20052934267749034
673 0.601588028032471
674 0.8047640840974131
675 0.4142922522922392
676 0.24287675687671761
677 0.7286302706301528
678 0.18589081189045853
679 0.5576724356713756
680 0.6730173070141268
681 0.019051921042380293
682 0.05715576312714088
683 0.17146728938142264
684 0.5144018681442679
685 0.5432056044328037
686 0.6296168132984112
687 0.8888504398952337
688 0.6665513196857011
689 0.9996539590571034
690 0.9989618771713102
691 0.9968856315139307
692 0.9906568945417922
693 0.9719706836253765
694 0.9159120508761296
695 0.7477361526283888
696 0.24320845788516632
697 0.729625373655499
698 0.18887612096649686
699 0.5666283628994906
700 0.6998850886984718
701 0.0996552660954153
702 0.2989657982862459
703 0.8968973948587378
704 0.6906921845762133
705 0.07207655372863986
706 0.21622966118591957
707 0.6486889835577587
708 0.9460669506732762
709 0.8382008520198285
710 0.5146025560594856
711 0.5438076681784567
712 0.6314230045353701
713 0.8942690136061104
714 0.6828070408183313
715 0.04842112245499397
716 0.1452633673649819
717 0.43579010209494573
718 0.3073703062848372
719 0.9221109188545116
720 0.7663327565635347
721 0.29899826969060417
722 0.8969948090718125
723 0.6909844272154375
724 0.07295328164631254
725 0.21885984493893762
726 0.6565795348168129
727 0.9697386044504386
728 0.9092158133513157
729 0.7276474400539472
730 0.18294232016184164
731 0.5488269604855249
732 0.6464808814565748
733 0.9394426443697244
734 0.8183279331091731
735 0.4549837993275192
736 0.3649513979825576
737 0.0948541939476728
738 0.2845625818430184
739 0.8536877455290552
740 0.5610632365871657
741 0.6831897097614972
742 0.04956912928449153
743 0.1487073878534746
744 0.4461221635604238
745 0.33836649068127134
746 0.01509947204381401
747 0.04529841613144203
748 0.1358952483943261
749 0.4076857451829783
750 0.22305723554893486
751 0.6691717066468046
752 0.007515119940413761
753 0.022545359821241284
754 0.06763607946372385
755 0.20290823839117156
756 0.6087247151735147
757 0.826174145520544
758 0.47852243656163207
759 0.4355673096848962
760 0.3067019290546886
761 0.9201057871640659
762 0.7603173614921976
763 0.2809520844765929
764 0.8428562534297788
765 0.5285687602893363
766 0.5857062808680089
767 0.7571188426040267
768 0.2713565278120802
769 0.8140695834362406
770 0.44220875030872175
771 0.32662625092616526
772 0.9798787527784958
773 0.9396362583354874
774 0.8189087750064621
775 0.45672632501938626
776 0.3701789750581588
777 0.11053692517447633
778 0.331610775523429
779 0.994832326570287
780 0.9844969797108609
781 0.9534909391325828
782 0.8604728173977483
783 0.5814184521932448
784 0.7442553565797345
785 0.23276606973920355
786 0.6982982092176107
787 0.09489462765283196
788 0.2846838829584959
789 0.8540516488754877
790 0.562154946626463
791 0.6864648398793891
792 0.05939451963816733
793 0.178183558914502
794 0.534550676743506
795 0.6036520302305179
796 0.8109560906915538
797 0.4328682720746615
798 0.2986048162239845
799 0.8958144486719535
800 0.6874433460158604
801 0.062330038047581304
802 0.1869901141427439
803 0.5609703424282317
804 0.6829110272846952
805 0.04873308185408565
806 0.14619924556225694
807 0.4385977366867708
808 0.31579321006031247
809 0.9473796301809374
810 0.8421388905428122
811 0.5264166716284366
812 0.5792500148853099
813 0.7377500446559297
814 0.21325013396778925
815 0.6397504019033677
816 0.9192512057101032
817 0.7577536171303096
818 0.2732608513909289
819 0.8197825541727868
820 0.45934766251836034
821 0.37804298755508103
822 0.1341289626652431
823 0.4023868879957293
824 0.2071606639871879
825 0.6214819919615637
826 0.8644459758846912
827 0.5933379276540736
828 0.7800137829622207
829 0.34004134888666204
830 0.020124046659986128
831 0.060372139979958384
832 0.18111641993987515
833 0.5433492598196255
834 0.6300477794588764
835 0.8901433383766291
836 0.6704300151298872
837 0.011290045389661607
838 0.03387013616898482
839 0.10161040850695446
840 0.3048312255208634
841 0.9144936765625902
842 0.7434810296877705
843 0.23044308906331157
844 0.6913292671899347
845 0.07398780156980411
846 0.22196340470941234
847 0.665890214128237
848 0.997670642384711
849 0.9930119271541331
850 0.9790357814623993
851 0.937107344387198
852 0.811322033161594
853 0.43396609948478204
854 0.3018982984543461
855 0.9056948953630384
856 0.7170846860891151
857 0.1512540582673454
858 0.4537621748020362
859 0.36128652440610853
860 0.0838595732183256
861 0.2515787196549768
862 0.7547361589649304
863 0.2642084768947912
864 0.7926254306843736
865 0.3778762920531209
866 0.1336288761593627
867 0.4008866284780881
868 0.20265988543426428
869 0.6079796563027928
870 0.8239389689083785
871 0.47181690672513543
872 0.4154507201754063
873 0.2463521605262189
874 0.7390564815786567
875 0.21716944473597
876 0.65150833420791
877 0.95452500262373
878 0.8635750078711899
879 0.5907250236135697
880 0.7721750708407091
881 0.3165252125221274
882 0.9495756375663822
883 0.8487269126991466
884 0.5461807380974397
885 0.6385422142923192
886 0.9156266428769575
887 0.7468799286308725
888 0.24063978589261747
889 0.7219193576778524
890 0.16575807303355727
891 0.4972742191006718
892 0.49182265730201546
893 0.4754679719060464
894 0.4264039157181392
895 0.27921174715441754
896 0.8376352414632526
897 0.5129057243897579
898 0.5387171731692737
899 0.6161515195078211
900 0.8484545585234633
901 0.5453636755703899
902 0.6360910267111697
903 0.908273080133509
904 0.7248192404005271
905 0.17445772120158143
906 0.5233731636047443
907 0.5701194908142329
908 0.7103584724426986
909 0.1310754173280957
910 0.39322625198428707
911 0.1796787559528612
912 0.5390362678585836
913 0.6171088035757508
914 0.8513264107272525
915 0.5539792321817574
916 0.6619376965452721
917 0.9858130896358164
918 0.9574392689074491
919 0.8723178067223474
920 0.6169534201670421
921 0.8508602605011264
922 0.5525807815033792
923 0.6577423445101376
924 0.9732270335304127
925 0.9196811005912382
926 0.7590433017737146
927 0.2771299053211438
928 0.8313897159634314
929 0.4941691478902941
930 0.4825074436708823
931 0.4475223310126468
932 0.34256699303794047
933 0.02770097911382141
934 0.08310293734146423
935 0.2493088120243927
936 0.7479264360731781
937 0.2437793082195343
938 0.7313379246586029
939 0.19401377397580877
940 0.5820413219274263
941 0.7461239657822789
942 0.23837189734683673
943 0.7151156920405102
944 0.14534707612153053
945 0.4360412283645916
946 0.30812368509377475
947 0.9243710552813242
948 0.7731131658439727
949 0.31933949753191815
950 0.9580184925957544
951 0.8740554777872633
952 0.62216643336179
953 0.86649930008537
954 0.59949790025611
955 0.7984937007683302
956 0.39548110230499045
957 0.18644330691497135
958 0.559329920744914
959 0.6779897622347422
960 0.0339692867042265
961 0.1019078601126795
962 0.3057235803380385
963 0.9171707410141154
964 0.7515122230423463
965 0.254536669127039
966 0.763610007381117
967 0.29083002214335085
968 0.8724900664300526
969 0.6174701992901577
970 0.852410597870473
971 0.5572317936114191
972 0.6716953808342572
973 0.015086142502771516
974 0.04525842750831455
975 0.13577528252494364
976 0.4073258475748309
977 0.22197754272449277
978 0.6659326281734783
979 0.9977978845204349
980 0.9933936535613048
981 0.9801809606839145
982 0.9405428820517434
983 0.8216286461552302
984 0.4648859384656907
985 0.3946578153970721
986 0.18397344619121636
987 0.5519203385736491
988 0.6557610157209472
989 0.9672830471628417
990 0.9018491414885252
991 0.7055474244655757
992 0.11664227339672717
993 0.3499268201901815
994 0.04978046057054453
995 0.14934138171163358
996 0.44802414513490074
997 0.3440724354047022
998 0.03221730621410668
999 0.09665191864232003
1000 0.2899557559269601

